010001000100010001000001000100010001000101000010010001000001000100010001000100010001000100010001
010001000100010001000001000100010001010000100010010001000001000100010001000100010001000100010001
010001000100010001000001000100010100000100100010010000010001000100010001000100010001000100010001
010001000100010001000001000101000001010000100010000101000001000100010001000100010001000100010001
000100010100000100010100010001000100010000010001000101000010001000100001010000010001000100010001
001000010100010001000001000101000001000101000100010001000001000100100001010000100010001000010100
000100010100000100010010000101000100010000010001000100010100010000100100010000010001001000010100
010001000100010001000001000101000001000100100001010001000001000100100001000101000100001001000100
000100010100000101000100010001000100010000010001000100010010000100100100010000010001001000010001
010001000100000101000001000101000001010001000100010001000001000100100001000100100001001001000100
000100010001000100010100010001000001010000010001000101000100010000100100010000010001001000010001
000100010001000100010001000100010001000101000100000101000001000100100001010001000100001001000100
000100010001000100010001000100010001000101000100001000010001000100010010000101000100010000100100
000100010001000100010001000100010001000101000100001000100001000100010001001001000100010001000010
000100010001000100010001000100010001000101000100001000100001000100010001000101000100010001000100
000100010001000100010001000100010001000101000100001000100001000100010001000101000100010001000100
000100010001000100010001000100010001000101000100001000100100000100010001000101000100010001000100
000100010001000100010001000100010001000100010100001000100001010000010001000101000100010001000100
000100010001000100010001000100010001000101000001001000100100000101000001000101000100010001000100
000100010001000100010100000100100010001001000001000100010100010001000100010000010001010000010001
010000010010001000100100000100100001000101000100010001000001000101000001000101000100010000010010
010000010010000100010100010000100100010000010001000100010100010001000001001000010001010000010001
010001000010010001000001000100100001000101000100000100100001000101000001000101000100010001000100
000100010010000100010100010000100001001000010001000100010100010001000100010001000001010000010001
010001000010000100100001000100100001000101000100010001000100000101000001000110000001010001000100
010000100001001000100001001000010001000101000010010001000001010000010001000100010100010001000010
001000010010001000100010000100010001000100100010010001000100000100010001000101000100010000100010
000100100010001000100001000100010001000100100010010001000001000100010001000101000100001000100010
001000100010001000010001000100010001000100100010010001000001000100010001000101000010001000100010
001000100010000100100001000100010001001000100010010000100001000100010001001000100010001000100010
001000100001001001000001000100010010000100100010001001000001000100010010000100100010001000100001
001000010010010001000001000100100001000100100010010001000001000100100001100000100010001000010100
000100100100010001000001001000010001010000100010010001000001001000010100000100100010000110000100
001001000100010001000010000100010100000100100010010000010010000101000001000100100001010010000100
010001000100010001000001000101000001010000100010000101000001010000010001010000010100010010000100
000100010100000101000100010001000100010000010001000101000010001000100001010000010100000100010100
010001000100000101000001000101000001010001000100010001000001000100100001010000100010001000010100
000101000001000101000100010001000001010000010001000101000100010000100100010000010001001000010100
000101000100010001000001010000010001010001000100000101000001000100100001010001000100001001000100
001000010100010001000010000101000001000100100100001000010010000100010010000100100100010000100100
000100010001000100010010000101000100010000100001000100010010010000100010000100100001000100100001
000100010001000100010001000100010001000100100001010001000010000100100001000100100100001000100001
000100010001000100010001000100010001000100010010010001000001001000010001100001000010001000010100
000100010001000100010001000100010001000100100001001001000010000100100001000100100100001000100001
000100010001000100010010000100101000010000100001000100010010010000100010000100100001000100100001
001000011000001001000010000100100001000100100100001000010010000100010010000100100100010000100100
001000100001001000100001001000011000000101000010001000100001001000010001001000010010010001000010
001000100010000100100001000100100001001001000100001010000001000100100001000100100001001001000100
001000100010001000010001000100010010000101000100001010000010000100010010000100100010000100100100
001000100010001000100001000100010001001001000100001010000010001000010001001000100010001000010010
001000100010001000100001000100010001000101000100001000100001001000100001000100100010001000100001
001000100010001000100001000100010001000101000100001000100001000100100010000100010010001000100010
001000100010001000100010000100010001000100100100001000100010000100010010001000100001001000100010
000100100010001000100001001000010001000101000010001000100001001000010001001001000010000100100010
010000010010001000100100000100100001000101000100001000100001000100100001000101000100001000010010
010001000001001000100001010000010010000101000100001000100100000100010010000101000100010000100001
010001000100000100100001000101000001001000010100001000100001010000010001001001000100010001000010
000100010001000100010100010001000001001000010001000100100001010000100010001000010100000100010010
000100010001000100010001000100010001000101000100000110000001000100100001001000010100001000100010
000100010001000100010001000100010001000101000100001000011000000100010010000101000001010000100010
000100010001000100010001000100010001000101000010000100100001000100100001001000010100001000101000
000100010001000100011000001000100001001000010001000100100001010000100010001000010100000100010010
010010000010000100100001000100100001001000010100001000100001010000010001001001000100010001000010
010001000010100000010100000100010010000101000001001000100100000101000001000101000100010001000100
010000010001100000010100000100100010001001000001000100010100010001000100010001000001010000010001
010000010010100000100100000100100001000101000100010001000100000101000001000101000001010001000100
000101000001001000100001010000010010000100010100001001000001010000010100000100010100000101000100
000100010100000100100001000101000001001000010001001000100001000101000001010000010001010000010100
000100010100000100010001000101000001001000010001000100100001000100100010001000010001010000010100
000100010100010000100001000101000001000100010001000100100001000100100001001000010001001000100010
000100010001000100010001000101000100001000010001000100010001000100100001001000010001001000010010
000100010001000100010001000100010001000100010001010000100001000100100001000100010001001000010010
000100010001000100010001000100010001000100010010001000100001001000010001001000010010000100100010
000100010001000100010001000100010001000100010001001000100001000100100001000100010001001000010010
000100010001000100010001000100100010001000010001000100010001000100100001001000010001001000010010
000100010010001000100001000100100001000100010001000100100001000100100001001000010001001000100010
000100010010000100010001000100100001001000010001000100100001000100100010001000010001010000010100
000100010010000100100001000100100001001000010001001000100001000101000001010000010001010000010100
000100010010000100100001000100100010001000010001000101000001000101000001010000010001010000010001
000100010010001000100001000100100001010000010001000101000001000101000001000100010001010001000100
000100010010000101000001000100100001010000010001000100010001000101000100010000010001000100010001
000100010010000101000001000100100001000100010001010001000001000100010001000100010001000100010001
000100100001010001000001001000010001010000010010010001000001000100010001000100010001000100010001
001000010100010001000010000100010100000100100010010000010001000100010001000100010001000100010001
000101000100010000100001000101000001010000100010000101000001000100010001000100010001000100010001
000101000001000100100001010001000100001000010001000101000010001000100001010000010001000100010001
001000100100010000100001010000010001001000010100010000100001000100100001010000100010001000010100
001001000100001000010100000100010010000101000010001000100001001000010100000100100010000101000100
010001000010000100100001000100100001000100100010001000100010000101000001000100100001010001000100
000100010010000100010010001000100010001000100001000100010010000101000100010000010001000100010001
001000100010001000100010000100100001000100100001010001000001000100010001000100010001000100010001
001000100010001000100001001000010001000100010010010000100001000100010001000100010001000100010001
001000100010001000100010000100010001000100100010001000100001000100010001000100010001000100010001
001000100010001000100001001000010001000100010010001000100001000100010001000100010001000100010001
001000100010001000100010000100100001000100100001001000100001000100010001000100010001000100010001
000100010010000100010010001000100010001000100001000100010010000100100010001000010001000100010001
010001000010000100100001000100100001000100100010001000100010000100100001000100100001001000100010
000100010010000100010100010000100001001000010001000100010010001000100010001000100001001000010001
001000100010001000100001000100100001000101000100000100100001000100100001000100100010001000100010
001000100010001000100010000100010010000100100100001000010100000100010010000101000010001000100010
000100100010001000100001001000010001001000100010001000100001010000010001001000010100001000100010
001000010010001000100010000100100001000100100010001000100010000101000001000100100001010000100010
001000010010000100010010001000100010001000100001000100010010000101000010001000100001000100100001
001000100010001000100010000100100001000100100001001000100010000100010010000100100010001000100001
001000100010001000100001001000010001001000010010001000100001000100100001001000100010001000010010
001000100010001000010010000100010010000100100010001000100001001000010010000100100010000100100010
001000100010000100100001000100100001000100100010001000100010000100100001000100100001001000100010
001000100001001000100001001000010001000100100010001000100001001000010001000100010010001000100010
001000010010001000100010000100010001000100100010001000100010000100010001000100100010001000100010
000100100010001000100001000100010001000100100010001000100001000100010001000100100010001000100010
001000100010001000010001000100010001000100100010001000100001000100010001000100100010001000100010
001000100010000100100001000100010001001000100010001000100001000100010001001000100010001000100010
001000100001001001000001000100010010000100100010001000100001000100010010000100100010001000100001
001000010010010001000001000100100001000100100010001000100001000100100001010000100010001000010100
000100100100010000100001001000010001001000100010100000100001001000010100000100100010000101000100
001000010010010001000001000100100001000100100010001000100001000100100001100000100010001000010100
001000100001001001000001000100010010000100100010001000100001000100010010000100100010001000100001
001000010010010001000001000100100001000100100010001000100001000100100001010000100010001000010100
000100010010000100010010000100100100010000010001000100010010001000100010001000010001001000010100
001000100010001000100001000100100001000100100001010001000001000100100001000100100010001000100010
001000100010001000100001001000010001001000010010010000100001001000010001001000100010001000100010
001000100010001000010010000100010010000100100010001001000010000100010010000100100010001000100001
001000100010000101000001000100100001010000100010010001000001000100100001100000100010001000010100
001000100010001000010010000100010010000100100010001001000010000100010010000100100010001000100001
001000100010001000100001001000010001001000010010001000100001001000010001001000100010001000100010
001000100010001000010010000100010010000100100010001001000010000100010010000100100010001000100001
001000100010000101000001000100100001010000100010010001000001000100100001010000100010001000010100
001000100001010000010001001000010100000100100010010000010001001000010100000100100010000101000001
001000010100000100010010000101000001000100100010000100010010000101000001000100100001010000010001
001000010100000100010010001000100001000100100001000100010010000101000001000100010001010000010001
001000100010000100010010000100100001000100100001000100010001000101000001000101000100010000010001
001000010010000100010010000100100001000100010001000100010100010001000001000100010001000100010001
001000010010000100010001000100100001000101000100000100010001000100010001000100010001000100010001
001000100001001000010100000100010010000101000100001000010001000100010001000100010001000100010001
001000100010000100100001010000010001001000010100001000100001000100010001000100010001000100010001
001000100010001000010010000101000001000100100001001000100001000100010001000100010001000100010001
001000010001001000010010001000100010000100100001000100010010000100100010001000010001000100010001
001000100010100000100010000100010010000100100010001000010010000100100001000100100001001000100010
001000010001001000010010001000100010000100100001000100010010000100100010001000010001000100010001
001000100010001000010010000100100001000100100001001000100001000100010001000100010001000100010001
001000100010000100100001001000010001001000010010001000100001000100010001000100010001000100010001
001010000001001000010010000100010010000100100010001000010001000100010001000100010001000100010001
100000010010000100010001000100100001000100100010000100010001000100010001000100010001000100010001
001000010010000100011000000100100001000100010001000100010010001000100001000100010001000100010001
001000100010000100010010000100100001000100100001000100010001000100100001000100100010001000010001
001000010100000100010010001000100001000100100001000100010010000100100001000100010001001000010001
001000010100000100010010000101000001000100100010000100010010000100100001000100100001001000010001
000100010100000100010010000101000001000100100001000100010010001000100001000100100001001000010001
001001000100000100010001000101000001000100100001000100010010000100100001000100100010001000010001
000100010001000100010010010001000001000100010001000100010010000100100001000100100001001000010001
000100010001000100010001000100010001000100100100000100010001000100100001000100100001001000010001
000100010001000100010001000100010001000100100010001000010010000100010010000100100010000100100001
